1000
466
995
18
178
938
790
759
988
33
179
468
256
491
125
657
56
845
212
630
189
65
383
521
395
679
885
652
649
75
229
241
68
890
171
236
439
583
495
364
107
327
994
426
344
447
218
910
151
391
777
849
253
634
358
149
693
197
980
698
58
694
921
676
211
223
714
720
879
837
59
371
365
801
181
654
555
821
641
420
798
659
77
620
707
855
843
723
84
880
238
278
204
458
687
431
514
434
960
955
794
915
116
966
457
193
576
164
615
959
401
62
513
276
1
842
173
153
511
1000
750
591
773
321
79
410
16
709
856
793
479
929
281
984
719
266
581
221
876
191
342
850
851
315
147
362
595
349
333
38
805
862
825
301
282
547
717
473
208
15
311
425
450
217
506
448
715
996
873
330
503
169
186
575
830
943
40
122
87
673
525
429
563
504
757
621
382
3
637
852
43
507
160
942
63
106
289
878
251
564
670
549
492
22
436
732
177
992
273
139
421
403
92
859
967
247
7
446
740
430
962
788
888
973
585
596
470
896
686
66
438
445
374
617
522
764
258
91
305
895
803
548
953
225
666
683
196
105
245
552
101
115
633
85
347
47
744
202
216
377
854
769
260
8
363
360
12
936
157
388
616
502
566
635
97
987
863
367
298
28
529
418
968
399
650
195
442
76
602
237
963
762
536
706
74
558
352
103
480
306
858
67
975
782
716
489
412
853
227
361
813
539
437
232
119
603
138
250
339
340
927
917
96
954
203
768
674
299
324
182
766
827
692
284
341
320
786
69
989
592
123
118
348
775
645
496
628
574
655
35
98
795
809
78
82
239
319
355
905
804
599
88
665
368
127
613
986
262
456
228
952
6
730
323
912
459
490
799
309
828
892
567
632
478
829
465
499
601
296
758
580
677
598
551
307
444
54
275
623
159
338
969
353
484
135
336
857
52
728
210
44
783
108
550
398
482
778
537
565
370
802
19
763
661
570
642
815
48
72
129
414
427
34
663
606
848
13
586
703
530
678
255
497
554
833
774
325
918
4
808
379
249
610
700
205
545
214
699
53
725
814
900
861
638
883
532
681
494
166
57
124
393
144
520
440
413
180
408
25
535
89
543
488
660
847
891
70
824
913
199
27
600
721
287
864
55
148
516
568
904
977
956
354
797
201
528
83
540
685
573
417
999
664
213
939
889
343
137
493
394
71
261
433
589
826
226
691
291
751
920
629
940
400
406
668
112
31
390
705
644
487
94
270
914
772
240
346
303
625
64
671
541
557
922
185
951
194
39
397
243
100
128
93
662
154
471
982
267
316
810
946
510
776
231
405
779
627
981
146
308
593
318
748
877
264
263
136
73
907
366
534
924
688
351
29
884
948
451
846
916
932
423
722
926
161
269
571
357
735
428
286
373
110
865
117
143
304
246
120
680
817
385
835
220
130
192
527
682
669
272
978
155
950
113
643
820
933
242
469
271
219
26
150
736
187
142
727
486
747
481
175
731
386
329
886
696
906
248
945
742
760
784
102
209
560
667
579
46
432
121
404
785
957
61
464
519
806
313
95
515
791
871
729
300
441
141
866
724
734
485
380
369
206
577
746
887
224
897
894
523
622
332
713
297
780
162
985
419
526
435
739
816
867
711
23
415
909
582
872
961
11
356
597
335
517
259
997
838
796
454
45
498
476
483
372
840
684
928
32
718
712
449
874
656
294
505
317
941
326
640
389
134
387
823
322
50
268
990
416
350
533
345
970
200
145
424
614
787
690
976
463
402
133
501
781
800
375
252
991
174
538
919
697
544
741
170
770
411
819
767
111
90
254
588
881
789
477
359
875
5
812
807
461
290
109
745
743
288
314
754
974
207
37
755
972
392
292
235
648
453
822
168
21
556
869
935
971
562
911
531
631
2
983
619
965
646
672
931
639
553
328
140
902
280
925
452
172
559
274
422
594
587
611
500
561
265
132
542
472
702
624
834
651
80
163
188
222
158
604
792
233
733
993
36
60
831
30
658
176
752
334
198
462
979
285
647
42
104
590
675
337
934
949
839
17
407
923
183
689
811
508
569
460
930
99
944
86
608
156
474
376
749
626
234
947
695
295
381
81
998
518
898
131
312
756
114
870
409
653
310
9
903
524
701
753
841
230
165
257
455
293
384
836
572
279
860
152
708
607
868
512
49
761
578
331
24
215
475
302
710
618
609
726
964
844
605
737
41
899
908
546
818
20
937
14
832
958
167
126
283
51
704
244
612
771
277
765
882
584
901
636
443
184
378
396
467
509
738
10
190
893